t # 0
v 0 2
v 1 2
v 2 2
v 3 3
v 4 2
v 5 4
v 6 2
v 7 3
v 8 3
v 9 3
v 10 2
v 11 2
v 12 2
v 13 2
v 14 2
v 15 2
v 16 2
v 17 2
v 18 2
e 0 1 2 46
e 0 2 2 43
e 2 3 3 22
e 2 4 2 25
e 3 5 2 38
e 4 6 2 34
e 5 7 2 52
e 5 8 2 33
e 5 9 2 25
e 6 10 2 24
e 6 9 3 53
e 7 11 3 9
e 8 12 3 46
e 10 13 2 31
e 11 14 2 30
e 11 15 2 51
e 12 16 2 42
e 12 15 2 26
e 14 17 2 40
e 16 18 2 57
t # 1
v 0 2
v 1 2
v 2 6
v 3 6
v 4 3
v 5 3
v 6 3
v 7 3
v 8 3
v 9 3
e 0 1 2 56
e 0 2 2 28
e 1 3 2 48
e 2 4 3 49
e 2 5 3 7
e 2 6 2 19
e 3 7 3 59
e 3 8 3 43
e 3 9 2 15
t # -1
